$ 1 0.000005 10.20027730826997 50 5 50 5e-11
R 432 352 384 352 0 4 40 10 0 0 0.5
c 624 368 672 368 4 0.00001 -0.02635916640559799 0.001 0
r 672 368 672 432 0 100000
g 672 432 672 448 0 0
a 672 352 768 352 8 10.8 -10.8 1000000 5.281429217965192 5.281482032257372 100000
w 672 336 672 288 0
w 672 288 768 288 0
w 768 288 768 352 0
r 768 352 832 352 0 1000
a 528 368 624 368 8 10.8 -10.8 1000000 -0.00005255122865851773 0 100000
w 528 352 528 304 0
r 528 304 624 304 0 100000
w 624 304 624 368 0
r 432 352 528 352 0 100000
g 528 384 528 400 0 0
O 832 352 880 352 3 1
34 zener-5.1 1 1.7143528192810002e-7 0 2.0000000000000084 5.1 1
z 528 256 576 256 2 zener-5.1
z 624 256 576 256 2 zener-5.1
w 528 256 528 304 0
w 624 256 624 304 0
o 0 64 0 4098 10 0.00009765625 0 3 0 3 15 0
38 0 F1 0 -10 10 -1 Max\sVoltage
38 0 F1 3 4 500 -1 Frequency
